#   |   MeV per MIP [1] | sigma_noise (MIP)
#   | 300µm 200µm 100µm | 300µm 200µm 100µm
#---+-------------------+------------------
 1     9.5   9.4   8.9    0.066 0.131 0.269
 2     8.9   8.8   8.4    0.066 0.131 0.269
 3     8.9   8.8   8.4    0.066 0.131 0.269
 4     8.9   8.8   8.4    0.066 0.131 0.269
 5     8.9   8.8   8.4    0.066 0.131 0.269
 6     8.9   8.8   8.4    0.066 0.131 0.269
 7     8.9   8.8   8.4    0.066 0.131 0.269
 8     8.9   8.8   8.4    0.066 0.131 0.269
 9     8.9   8.8   8.4    0.066 0.131 0.269
10     9.8   9.7   9.3    0.066 0.131 0.269
11    11.1  11.0  10.5    0.066 0.131 0.269
12    11.1  11.0  10.5    0.066 0.131 0.269
13    11.1  11.0  10.5    0.066 0.131 0.269
14    11.1  11.0  10.5    0.066 0.131 0.269
15    11.1  11.0  10.5    0.066 0.131 0.269
16    11.1  11.0  10.5    0.066 0.131 0.269
17    11.1  11.0  10.5    0.066 0.131 0.269
18    11.1  11.0  10.5    0.066 0.131 0.269
19    11.1  11.0  10.5    0.066 0.131 0.269
20    12.9  12.7  12.1    0.066 0.131 0.269
21    15.0  14.8  14.2    0.066 0.131 0.269
22    15.0  14.8  14.2    0.066 0.131 0.269
23    15.0  14.8  14.2    0.066 0.131 0.269
24    15.0  14.8  14.2    0.066 0.131 0.269
25    15.0  14.8  14.2    0.066 0.131 0.269
26    15.0  14.8  14.2    0.066 0.131 0.269
27    15.0  14.8  14.2    0.066 0.131 0.269
28    42.0  41.5  39.6    0.066 0.131 0.269
29    60.5  59.8  57.1    0.066 0.131 0.269
30    54.9  54.2  51.7    0.066 0.131 0.269
31    54.9  54.2  51.7    0.066 0.131 0.269
32    54.9  54.2  51.7    0.066 0.131 0.269
33    54.9  54.2  51.7    0.066 0.131 0.269
34    54.9  54.2  51.7    0.066 0.131 0.269
35    54.9  54.2  51.7    0.066 0.131 0.269
36    54.9  54.2  51.7    0.066 0.131 0.269
37    54.9  54.2  51.7    0.066 0.131 0.269
38    54.9  54.2  51.7    0.066 0.131 0.269
39    54.9  54.2  51.7    0.066 0.131 0.269
40    68.2  67.4  64.3    0.066 0.131 0.269
41    83.2  83.2  83.2    0.200 0.200 0.200
42    92.2  92.2  92.2    0.200 0.200 0.200
43    92.2  92.2  92.2    0.200 0.200 0.200
44    92.2  92.2  92.2    0.200 0.200 0.200
45    92.2  92.2  92.2    0.200 0.200 0.200
46    92.2  92.2  92.2    0.200 0.200 0.200
47    92.2  92.2  92.2    0.200 0.200 0.200
48    92.2  92.2  92.2    0.200 0.200 0.200
49    92.2  92.2  92.2    0.200 0.200 0.200
50    92.2  92.2  92.2    0.200 0.200 0.200
51    92.2  92.2  92.2    0.200 0.200 0.200
52    46.1  46.1  46.1    0.200 0.200 0.200
#NOTES:
#[1] MeVperMIP = dEdX_weights/thicknessCorrection
#[2] MIPperGeV = 1000./MeVperMIP
#[3] sigmaMIP = fC_per_ele * nonAgedNoises / fCPerMIP
#[4] sigmaMeV = sigmaMIP * MeVperMIP
#[5] for BH, no thicknessCorrection, and sigmaMIP = noiseMIP
#https://github.com/cms-sw/cmssw/blob/CMSSW_9_0_X/RecoLocalCalo/HGCalRecProducers/python/HGCalRecHit_cfi.py#L6-L58
#https://github.com/cms-sw/cmssw/blob/CMSSW_9_0_X/SimCalorimetry/HGCalSimProducers/python/hgcalDigitizer_cfi.py#L5-L6
#https://github.com/cms-sw/cmssw/blob/CMSSW_9_0_X/RecoLocalCalo/HGCalRecProducers/python/HGCalRecHit_cfi.py#L82
#https://github.com/cms-sw/cmssw/blob/CMSSW_9_0_X/RecoLocalCalo/HGCalRecProducers/python/HGCalUncalibRecHit_cfi.py#L25
#https://github.com/cms-sw/cmssw/blob/CMSSW_9_0_X/SimCalorimetry/HGCalSimProducers/python/hgcalDigitizer_cfi.py#L127
